b = [2 ; 4.5; 2.3]
c = [7 5]
d = [4 5 6; 7 8 9]
format long e 
pi 